function skeleton = get_skeleton_hcm_d()
% 
% hardcoded patient specific MV skeleton
% 

debug = false; 


% NB: points are in mm 
ring_pts_raw = 0.1 * [65.2092 344.34 264.4 65.2219 344.275 264.4 65.1317 344.913 264.4  65.2339 344.22 264.4 65.1119 345.023 264.4 65.3515 343.668 264.4  65.0446 345.54 264.4 65.3835 343.557 264.4 65.0253 345.807 264.4  65.5032 343.087 264.4 65.002 345.968 264.4 65.5313 343.024 264.4  64.9484 346.454 264.4 65.7327 342.587 264.4 64.9431 346.472 264.4  65.8426 342.342 264.4 64.9373 346.496 264.4 65.8852 342.25 264.4  64.9301 346.549 264.4 66.0326 342.023 264.4 64.8559 347.15 264.4  66.2066 341.763 264.4 64.8303 347.44 264.4 66.4402 341.424 264.4  64.8006 347.619 264.4 66.5166 341.324 264.4 64.7773 347.932 264.4  66.8009 341.011 264.4 64.7509 348.359 264.4 66.8839 340.921 264.4  64.7504 348.483 264.4 67.1638 340.62 264.4 64.7535 348.816 264.4  67.2451 340.533 264.4 64.7605 348.936 264.4 67.5737 340.248 264.4  64.7616 349.272 264.4 67.6469 340.183 264.4 64.8072 349.781 264.4  67.959 339.914 264.4 64.8079 349.808 264.4 68.0688 339.818 264.4  64.844 350.194 264.4 68.3892 339.593 264.4 64.8611 350.368 264.4  68.4938 339.519 264.4 64.9179 350.73 264.4 68.8274 339.284 264.4  64.9575 350.988 264.4 68.9206 339.217 264.4 65.0287 351.286 264.4  69.2988 339.016 264.4 65.0534 351.382 264.4 69.4074 338.959 264.4  65.1962 351.851 264.4 69.769 338.769 264.4 65.2104 351.9 264.4  69.8648 338.716 264.4 65.2946 352.151 264.4 70.2637 338.561 264.4  65.3639 352.363 264.4 70.3838 338.514 264.4 65.4518 352.568 264.4  70.7645 338.367 264.4 65.5186 352.728 264.4 70.8699 338.324 264.4  65.5251 352.745 264.4 71.2773 338.211 264.4 65.5454 352.799 264.4  71.3994 338.177 264.4 65.7337 353.314 264.4 71.7929 338.069 264.4  65.8 353.485 264.4 71.9151 338.033 264.4 65.8474 353.619 264.4  72.3198 337.958 264.4 66.0606 354.268 264.4 72.4397 337.936 264.4  66.0812 354.341 264.4 72.8444 337.862 264.4 66.1682 354.857 264.4  72.973 337.836 264.4 66.1957 354.999 264.4 73.3757 337.792 264.4  66.2144 355.111 264.4 73.494 337.779 264.4 66.2455 355.41 264.4  73.9026 337.735 264.4 66.25 355.62 264.4 74.0303 337.72 264.4  66.2585 356.004 264.4 74.4416 337.701 264.4 66.2557 356.188 264.4  74.5564 337.696 264.4 66.2137 356.698 264.4 74.9661 337.677 264.4  66.1986 356.815 264.4 75.0975 337.67 264.4 66.1603 357.094 264.4  75.5111 337.668 264.4 66.1281 357.289 264.4 75.6245 337.667 264.4  66.1018 357.428 264.4 76.0323 337.663 264.4 66.0295 357.738 264.4  76.1688 337.662 264.4 65.981 357.926 264.4 76.5681 337.664 264.4  65.8751 358.378 264.4 76.7044 337.665 264.4 65.7279 358.825 264.4  77.0998 337.667 264.4 65.6913 358.927 264.4 77.2355 337.667 264.4  65.6727 358.983 264.4 77.6364 337.671 264.4 65.4929 359.459 264.4  77.7705 337.673 264.4 65.3007 359.94 264.4 78.1695 337.678 264.4  65.2396 360.087 264.4 78.3016 337.677 264.4 65.0765 360.429 264.4  78.7027 337.698 264.4 65.0026 360.595 264.4 78.8398 337.706 264.4  64.7851 361.027 264.4 79.2448 337.73 264.4 64.7549 361.095 264.4  79.38 337.736 264.4 64.328 361.869 264.4 79.7592 337.801 264.4  64.3227 361.879 264.4 79.9019 337.827 264.4 64.3106 361.903 264.4  80.2923 337.9 264.4 64.0118 362.439 264.4 80.4243 337.928 264.4  63.9348 362.585 264.4 80.7964 338.067 264.4 63.6565 363.118 264.4  80.8693 338.094 264.4 63.6534 363.125 264.4 81.2511 338.237 264.4  63.6514 363.129 264.4 81.3597 338.285 264.4 63.3915 363.609 264.4  81.7162 338.496 264.4 63.3703 363.661 264.4 81.7886 338.539 264.4  63.287 363.852 264.4 82.133 338.74 264.4 63.1246 364.196 264.4  82.2399 338.813 264.4 63.086 364.654 264.4 82.5735 339.061 264.4  63.0715 364.823 264.4 82.6577 339.123 264.4 63.1444 365.117 264.4  82.9784 339.36 264.4 63.2366 365.334 264.4 83.0894 339.445 264.4  63.591 365.888 264.4 83.4141 339.685 264.4 63.6068 365.916 264.4  83.5104 339.756 264.4 63.6149 365.927 264.4 83.8259 339.988 264.4  63.8951 366.298 264.4 83.9399 340.065 264.4 64.1236 366.624 264.4  84.2683 340.282 264.4 64.1987 366.743 264.4 84.3733 340.351 264.4  64.3489 366.957 264.4 84.6975 340.563 264.4 64.6052 367.316 264.4  84.8103 340.627 264.4 64.9145 367.748 264.4 85.1472 340.837 264.4  64.9266 367.764 264.4 85.2563 340.905 264.4 64.9618 367.811 264.4  85.5959 341.116 264.4 65.1668 368.091 264.4 85.7083 341.177 264.4  65.2011 368.136 264.4 86.0313 341.412 264.4 65.4351 368.448 264.4  86.1384 341.491 264.4 65.5855 368.632 264.4 86.4696 341.736 264.4  65.7192 368.79 264.4 86.5811 341.816 264.4 66.0737 369.176 264.4  86.855 342.105 264.4 66.1134 369.221 264.4 86.9232 342.176 264.4  66.1342 369.243 264.4 87.2036 342.473 264.4 66.1808 369.292 264.4  87.288 342.57 264.4 66.4197 369.546 264.4 87.4796 342.863 264.4  66.4936 369.617 264.4 87.553 342.979 264.4 66.7989 369.881 264.4  87.7454 343.292 264.4 66.9459 370.002 264.4 87.7954 343.392 264.4  67.1794 370.19 264.4 87.9733 343.727 264.4 67.3355 370.315 264.4  88.0387 343.852 264.4 67.5187 370.439 264.4 88.2147 344.196 264.4  67.7018 370.563 264.4 88.26 344.299 264.4 67.9475 370.724 264.4  88.4379 344.669 264.4 68.1068 370.832 264.4 88.4961 344.79 264.4  68.391 371.016 264.4 88.6714 345.155 264.4 68.568 371.121 264.4  88.7291 345.275 264.4 68.9691 371.351 264.4 88.8898 345.653 264.4  69.0781 371.416 264.4 88.9381 345.766 264.4 69.148 371.448 264.4  89.0963 346.136 264.4 69.4818 371.605 264.4 89.1519 346.261 264.4  69.5407 371.631 264.4 89.3173 346.624 264.4 69.6992 371.7 264.4  89.3722 346.745 264.4 70.0124 371.842 264.4 89.5426 347.12 264.4  70.1078 371.885 264.4 89.5929 347.23 264.4 70.5012 372.008 264.4  89.7638 347.595 264.4 70.6151 372.044 264.4 89.8201 347.715 264.4  71.0072 372.168 264.4 89.9905 348.081 264.4 71.1332 372.209 264.4  90.0445 348.198 264.4 71.5339 372.291 264.4 90.1865 348.574 264.4  71.6496 372.315 264.4 90.2331 348.697 264.4 72.0507 372.398 264.4  90.3749 349.072 264.4 72.1805 372.427 264.4 90.4225 349.193 264.4  72.5919 372.489 264.4 90.5191 349.575 264.4 72.7089 372.507 264.4  90.5617 349.734 264.4 73.1135 372.569 264.4 90.6412 350.034 264.4  73.2451 372.591 264.4 90.7011 350.285 264.4 73.6471 372.637 264.4  90.7565 350.616 264.4 73.7801 372.652 264.4 90.8389 351.015 264.4  74.1861 372.697 264.4 90.8782 351.295 264.4 74.31 372.713 264.4  90.9384 351.687 264.4 74.7139 372.736 264.4 90.9879 352.058 264.4  74.8488 372.744 264.4 91.0172 352.203 264.4 75.2551 372.767 264.4  91.0336 352.346 264.4 75.3797 372.775 264.4 91.0971 352.847 264.4  75.7842 372.769 264.4 91.1516 353.255 264.4 75.9206 372.767 264.4  91.1571 353.316 264.4 76.3275 372.759 264.4 91.214 353.841 264.4  76.46 372.757 264.4 91.2148 353.849 264.4 76.8685 372.707 264.4  91.2793 354.361 264.4 76.9792 372.694 264.4 91.2796 354.365 264.4  77.392 372.643 264.4 91.2804 354.374 264.4 77.5236 372.625 264.4  91.3226 354.754 264.4 77.9231 372.523 264.4 91.3796 355.248 264.4  78.0247 372.497 264.4 91.393 355.344 264.4 78.4254 372.394 264.4  91.4353 355.762 264.4 78.5461 372.36 264.4 91.4572 355.961 264.4  78.938 372.212 264.4 91.4888 356.315 264.4 79.0382 372.174 264.4  91.4947 356.407 264.4 79.4217 372.028 264.4 91.5223 356.779 264.4  79.5404 371.979 264.4 91.5289 357.023 264.4 79.8992 371.804 264.4  91.5305 357.375 264.4 80.0252 371.743 264.4 91.524 357.593 264.4  80.3846 371.566 264.4 91.5226 358.047 264.4 80.4976 371.509 264.4  91.5163 358.313 264.4 80.8526 371.293 264.4 91.4812 358.844 264.4  80.9526 371.232 264.4 91.4792 358.872 264.4 81.3033 371.019 264.4  91.4776 358.893 264.4 81.4123 370.953 264.4 91.4583 359.272 264.4  81.7495 370.714 264.4 91.4518 359.411 264.4 81.8467 370.645 264.4  91.4488 359.442 264.4 82.1777 370.41 264.4 91.4107 359.859 264.4  82.2868 370.335 264.4 91.3537 360.414 264.4 82.6132 370.085 264.4  91.3513 360.443 264.4 82.7078 370.013 264.4 91.349 360.458 264.4  83.0371 369.762 264.4 91.2817 360.869 264.4 83.1366 369.688 264.4  91.2146 361.238 264.4 83.4562 369.427 264.4 91.1831 361.433 264.4  83.5469 369.353 264.4 91.1137 361.691 264.4 83.8618 369.097 264.4  91.0569 361.903 264.4 83.9682 369.012 264.4 91.0293 361.996 264.4  84.2734 