function skeleton = get_skeleton_hcm_d()
% 
% hardcoded patient specific MV skeleton
% 

debug = true; 


% NB: points are in mm 
ring_pts_raw = 0.1 * [64.8984 344.082 264.8 64.9233 343.957 264.8 64.8257 344.586 264.8 64.9449 343.86 264.8 64.7823 344.82 264.8 65.0577 343.338 264.8 64.7241 345.234 264.8 65.0979 343.197 264.8 64.707 345.432 264.8 65.2167 342.729 264.8 64.6683 345.683 264.8 65.2438 342.667 264.8 64.6143 346.117 264.8 65.4452 342.216 264.8 64.5913 346.192 264.8 65.536 342.008 264.8 64.5645 346.297 264.8 65.5985 341.87 264.8 64.5255 346.55 264.8 65.8775 341.426 264.8 64.4737 346.914 264.8 65.915 341.367 264.8 64.4566 347.075 264.8 66.1206 341.057 264.8 64.3865 347.452 264.8 66.1979 340.941 264.8 64.3769 347.551 264.8 66.2041 340.934 264.8 64.3544 347.82 264.8 66.5652 340.522 264.8 64.3242 348.154 264.8 66.6054 340.477 264.8 64.3177 348.214 264.8 66.932 340.111 264.8 64.3104 348.294 264.8 67.0005 340.05 264.8 64.3053 348.647 264.8 67.3198 339.763 264.8 64.3012 348.805 264.8 67.4335 339.662 264.8 64.2953 349.12 264.8 67.7334 339.395 264.8 64.313 349.395 264.8 67.8721 339.297 264.8 64.3134 349.68 264.8 68.1542 339.093 264.8 64.3232 349.82 264.8 68.3311 338.965 264.8 64.3583 350.298 264.8 68.5701 338.793 264.8 64.364 350.34 264.8 68.8173 338.662 264.8 64.442 350.942 264.8 69.0572 338.531 264.8 64.4486 350.972 264.8 69.3121 338.395 264.8 64.539 351.357 264.8 69.5127 338.287 264.8 64.5696 351.465 264.8 69.8283 338.166 264.8 64.6773 351.861 264.8 70.0251 338.089 264.8 64.7343 352.042 264.8 70.3468 337.963 264.8 64.8485 352.374 264.8 70.5088 337.9 264.8 64.9265 352.568 264.8 70.8814 337.803 264.8 65.0028 352.774 264.8 71.0368 337.76 264.8 65.1961 353.322 264.8 71.4211 337.656 264.8 65.209 353.363 264.8 71.5619 337.618 264.8 65.2188 353.397 264.8 71.9536 337.552 264.8 65.4617 354.191 264.8 72.0775 337.53 264.8 65.4869 354.35 264.8 72.4977 337.454 264.8 65.566 354.834 264.8 72.6153 337.433 264.8 65.5845 354.972 264.8 73.0318 337.395 264.8 65.605 355.195 264.8 73.1375 337.384 264.8 65.6234 355.404 264.8 73.5735 337.339 264.8 65.6244 355.735 264.8 73.6803 337.328 264.8 65.6226 355.834 264.8 74.1068 337.312 264.8 65.6157 356.085 264.8 74.2118 337.308 264.8 65.6099 356.267 264.8 74.6469 337.291 264.8 65.6066 356.3 264.8 74.7586 337.286 264.8 65.5416 356.741 264.8 75.1763 337.286 264.8 65.5137 356.921 264.8 75.2973 337.286 264.8 65.4473 357.285 264.8 75.7142 337.285 264.8 65.3679 357.618 264.8 75.8475 337.285 264.8 65.3355 357.747 264.8 76.2385 337.292 264.8 65.2334 358.119 264.8 76.3935 337.293 264.8 65.1942 358.257 264.8 76.7693 337.297 264.8 65.1677 358.339 264.8 76.9414 337.299 264.8 65.0032 358.82 264.8 77.2948 337.31 264.8 64.9009 359.106 264.8 77.4911 337.313 264.8 64.7278 359.556 264.8 77.8239 337.318 264.8 64.6752 359.691 264.8 78.0442 337.322 264.8 64.5114 360.076 264.8 78.3472 337.343 264.8 64.4622 360.194 264.8 78.5968 337.358 264.8 64.2666 360.633 264.8 78.8747 337.374 264.8 64.2392 360.694 264.8 79.1602 337.391 264.8 64.1089 360.999 264.8 79.3976 337.43 264.8 63.9472 361.363 264.8 79.7017 337.484 264.8 63.8875 361.472 264.8 79.8996 337.52 264.8 63.6696 361.923 264.8 80.2502 337.583 264.8 63.6004 362.061 264.8 80.4127 337.634 264.8 63.3202 362.676 264.8 80.7308 337.745 264.8 63.313 362.69 264.8 80.8945 337.805 264.8 63.3053 362.706 264.8 81.2398 337.938 264.8 63.1127 363.157 264.8 81.344 337.991 264.8 62.9927 363.424 264.8 81.7014 338.192 264.8 62.9564 363.494 264.8 81.7961 338.247 264.8 62.8262 363.825 264.8 82.1736 338.473 264.8 62.7819 363.931 264.8 82.2002 338.491 264.8 62.6387 364.353 264.8 82.6163 338.79 264.8 62.6162 364.938 264.8 82.6373 338.805 264.8 62.6179 365.032 264.8 82.7671 338.9 264.8 62.7382 365.299 264.8 83.0316 339.088 264.8 62.904 365.684 264.8 83.0751 339.12 264.8 62.9641 365.777 264.8 83.465 339.398 264.8 63.2093 366.085 264.8 83.5225 339.439 264.8 63.4906 366.419 264.8 83.8718 339.687 264.8 63.5099 366.441 264.8 83.9792 339.757 264.8 63.748 366.778 264.8 84.3112 339.968 264.8 63.9095 366.988 264.8 84.4401 340.05 264.8 64.2451 367.446 264.8 84.7389 340.239 264.8 64.2772 367.487 264.8 84.9058 340.329 264.8 64.5854 367.909 264.8 85.1864 340.497 264.8 64.765 368.147 264.8 85.3798 340.612 264.8 65.014 368.455 264.8 85.6345 340.764 264.8 65.133 368.613 264.8 85.8678 340.886 264.8 65.1923 368.685 264.8 86.0815 341.034 264.8 65.4964 369.044 264.8 86.3186 341.2 264.8 65.6629 369.225 264.8 86.5148 341.339 264.8 65.8694 369.442 264.8 86.8009 341.535 264.8 66.0612 369.645 264.8 86.9389 341.672 264.8 66.2926 369.866 264.8 87.1617 341.895 264.8 66.423 369.979 264.8 87.2885 342.022 264.8 66.6604 370.174 264.8 87.5441 342.304 264.8 66.8199 370.302 264.8 87.6173 342.41 264.8 67.0622 370.496 264.8 87.8182 342.709 264.8 67.1591 370.562 264.8 87.8784 342.801 264.8 67.4337 370.747 264.8 88.0615 343.147 264.8 67.565 370.833 264.8 88.1098 343.233 264.8 67.8615 371.033 264.8 88.3159 343.61 264.8 68.086 371.177 264.8 88.3557 343.684 264.8 68.3155 371.314 264.8 88.5369 344.075 264.8 68.8006 371.591 264.8 88.5658 344.133 264.8 68.82 371.602 264.8 88.7838 344.569 264.8 68.8334 371.608 264.8 88.8039 344.61 264.8 69.1958 371.778 264.8 89.0324 345.068 264.8 69.2347 371.797 264.8 89.0442 345.095 264.8 69.2363 371.798 264.8 89.2535 345.569 264.8 69.7401 372.023 264.8 89.2589 345.581 264.8 69.8682 372.08 264.8 89.4828 346.072 264.8 70.2466 372.197 264.8 89.4839 346.075 264.8 70.376 372.237 264.8 89.5827 346.288 264.8 70.7815 372.363 264.8 89.71 346.563 264.8 70.896 372.4 264.8 89.7115 346.566 264.8 71.3377 372.489 264.8 89.9396 347.06 264.8 71.4139 372.504 264.8 89.9428 347.067 264.8 71.8822 372.599 264.8 90.1693 347.551 264.8 71.9455 372.612 264.8 90.1726 347.558 264.8 72.453 372.686 264.8 90.398 348.049 264.8 72.4753 372.69 264.8 90.4001 348.054 264.8 72.999 372.766 264.8 90.5886 348.558 264.8 73.0136 372.769 264.8 90.5903 348.562 264.8 73.3867 372.809 264.8 90.5903 348.562 264.8 73.5503 372.826 264.8 90.7892 349.083 264.8 73.5567 372.827 264.8 90.7906 349.088 264.8 74.0818 372.883 264.8 90.9593 349.742 264.8 74.1219 372.885 264.8 90.9628 349.756 264.8 74.6221 372.91 264.8 90.9817 349.839 264.8 74.6716 372.913 264.8 91.0841 350.266 264.8 75.1575 372.937 264.8 91.1164 350.399 264.8 75.2348 372.935 264.8 91.2163 350.911 264.8 75.6967 372.924 264.8 91.2527 351.08 264.8 75.7848 372.922 264.8 91.3074 351.503 264.8 76.2358 372.91 264.8 91.3214 351.609 264.8 76.3452 372.897 264.8 91.3265 351.655 264.8 76.759 372.845 264.8 91.4244 352.226 264.8 76.9024 372.827 264.8 91.4632 352.675 264.8 77.3037 372.774 264.8 91.4698 352.723 264.8 77.4386 372.741 264.8 91.5231 353.102 264.8 77.81 372.646 264.8 91.5468 353.322 264.8 77.9762 372.603 264.8 91.5745 353.696 264.8 78.3319 372.509 264.8 91.6063 353.979 264.8 78.4921 372.452 264.8 91.6246 354.204 264.8 78.8314 372.324 264.8 91.64 354.424 264.8 79.0093 372.256 264.8 91.6551 354.663 264.8 79.3343 372.129 264.8 91.677 354.994 264.8 79.5005 372.05 264.8 91.7084 355.359 264.8 79.8246 371.891 264.8 91.7187 355.577 264.8 79.9827 371.813 264.8 91.7393 355.968 264.8 80.3007 371.657 264.8 91.7489 356.251 264.8 80.4688 371.556 264.8 91.7507 356.451 264.8 80.7633 371.377 264.8 91.7556 356.741 264.8 80.938 371.271 264.8 91.7476 357.043 264.8 81.2257 371.096 264.8 91.7333 357.336 264.8 81.3876 370.98 264.8 91.7108 357.609 264.8 81.667 370.783 264.8 91.6866 358.037 264.8 81.8348 370.664 264.8 91.6666 358.299 264.8 82.1124 370.468 264.8 91.6052 358.824 264.8 82.2623 370.35 264.8 91.603 358.857 264.8 82.5387 370.141 264.8 91.6017 358.871 264.8 82.6987 370.02 264.8 91.5998 358.89 264.8 82.9734 369.812 264.8 91.5518 359.389 264.8 83.1229 369.689 264.8 91.4951 359.78 264.8 83.3911 369.472 264.8 91.4819 359.873 264.8 83.5435 369.349 264.8 91.4698 359.953 264.8 83.8186 369.127 264.8 91.4074 360.426 264.8 83.9551 369.017 264.8 91.3366 360.783 264.8 84.2394 368.784 264.8 91.3192 360.867 264.8 84.3708 368.676 264.8 91.3056 360.927 264.8 84.6673 368.434 264.8 91.1954 361.468 264.8 84.7936 368.34 264.8 91.1075 361.756 264.8 85.0848 