data = [0,	0;
5e-05,	-0.143927;
0.0001,	-0.200548;
