data = [0,	0;
0.0005,	57.8765;
0.001,	64.6527;
0.0015,	29.793;
0.002,	0.668354;
0.0025,	-1.84847;
0.003,	4.60874;
0.0035,	3.54991;
