% 
% Takes a center, radius and papillary coords 
% Moves center to origin 
% Takes papillary tips in rigid manner
% 


% initial coordinates are in mm
% multiply by .1 everywhere to get cm 

center = 0.1 * [43.211190372043184; 12.739459457869332; -18.011383112933899]; 

normal = 0.1 * [-0.70870559417192203; 0.61353537460948204; 0.34829689187850299]; 

papillary_left  = 0.1 * [62.051506; 1.486666; -45.702660]; 
papillary_right = 0.1 * [84.484848; 3.326258; -21.130402]; 




























