% Copyright (c) 2019, Alexander D. Kaiser
% All rights reserved.
% 
% Redistribution and use in source and binary forms, with or without
% modification, are permitted provided that the following conditions are met:
% 
% 1. Redistributions of source code must retain the above copyright notice, this
%    list of conditions and the following disclaimer.
% 
% 2. Redistributions in binary form must reproduce the above copyright notice,
%    this list of conditions and the following disclaimer in the documentation
%    and/or other materials provided with the distribution.
% 
% 3. Neither the name of the copyright holder nor the names of its
%    contributors may be used to endorse or promote products derived from
%    this software without specific prior written permission.
% 
% THIS SOFTWARE IS PROVIDED BY THE COPYRIGHT HOLDERS AND CONTRIBUTORS "AS IS"
% AND ANY EXPRESS OR IMPLIED WARRANTIES, INCLUDING, BUT NOT LIMITED TO, THE
% IMPLIED WARRANTIES OF MERCHANTABILITY AND FITNESS FOR A PARTICULAR PURPOSE ARE
% DISCLAIMED. IN NO EVENT SHALL THE COPYRIGHT HOLDER OR CONTRIBUTORS BE LIABLE
% FOR ANY DIRECT, INDIRECT, INCIDENTAL, SPECIAL, EXEMPLARY, OR CONSEQUENTIAL
% DAMAGES (INCLUDING, BUT NOT LIMITED TO, PROCUREMENT OF SUBSTITUTE GOODS OR
% SERVICES; LOSS OF USE, DATA, OR PROFITS; OR BUSINESS INTERRUPTION) HOWEVER
% CAUSED AND ON ANY THEORY OF LIABILITY, WHETHER IN CONTRACT, STRICT LIABILITY,
% OR TORT (INCLUDING NEGLIGENCE OR OTHERWISE) ARISING IN ANY WAY OUT OF THE USE
% OF THIS SOFTWARE, EVEN IF ADVISED OF THE POSSIBILITY OF SUCH DAMAGE.

pressure_from_series_C_code = [

-0.0127722
0.0662512
0.145602
0.226302
0.308532
0.39166
0.474573
0.556165
0.635757
0.713282
0.78918
0.864092
0.938513
1.01258
1.08606
1.15854
1.22967
1.29936
1.36779
1.43531
1.50221
1.56861
1.63439
1.69931
1.76313
1.82578
1.88737
1.94812
2.00828
2.06791
2.12696
2.18525
2.24259
2.29893
2.35434
2.40901
2.4631
2.5167
2.56976
2.62214
2.67369
2.72435
2.7742
2.82336
2.87199
2.92017
2.96784
3.0149
3.06123
3.10677
3.15157
3.19575
3.23943
3.28269
3.3255
3.36776
3.40936
3.45024
3.49044
3.53007
3.56925
3.60803
3.64642
3.68431
3.72161
3.75824
3.79424
3.8297
3.86474
3.89944
3.93379
3.96771
4.00108
4.03383
4.06595
4.09754
4.12875
4.15969
4.19041
4.2208
4.25064
4.27964
4.30747
4.33389
4.35871
4.3819
4.40348
4.42358
4.44238
4.46004
4.47675
4.49262
4.50773
4.52213
4.53581
4.54878
4.56106
4.5727
4.58379
4.5944
4.6046
4.61439
4.62377
4.63272
4.64123
4.64931
4.65702
4.66442
4.67155
4.67844
4.68506
4.69139
4.6974
4.7031
4.70853
4.71374
4.71878
4.72365
4.72835
4.73283
4.73707
4.74107
4.74486
4.74849
4.752
4.7554
4.75867
4.76178
4.7647
4.76743
4.76999
4.77243
4.77479
4.77707
4.77926
4.78132
4.78323
4.78498
4.7866
4.78812
4.78958
4.79098
4.79233
4.79357
4.79469
4.79567
4.79654
4.79734
4.79809
4.79881
4.79948
4.80008
4.80056
4.80094
4.80121
4.80143
4.80161
4.80178
4.80192
4.80199
4.80197
4.80185
4.80165
4.8014
4.80113
4.80085
4.80055
4.8002
4.79977
4.79925
4.79866
4.79803
4.79739
4.79675
4.7961
4.79541
4.79464
4.7938
4.7929
4.79197
4.79103
4.79009
4.78915
4.78818
4.78714
4.78604
4.78488
4.7837
4.78252
4.78134
4.78017
4.77896
4.77771
4.77639
4.77503
4.77365
4.77227
4.7709
4.76953
4.76815
4.76672
4.76523
4.7637
4.76215
4.76061
4.75909
4.75757
4.75604
4.75447
4.75284
4.75118
4.7495
4.74784
4.74619
4.74455
4.7429
4.74121
4.73948
4.73771
4.73594
4.73417
4.73243
4.7307
4.72895
4.72718
4.72536
4.72352
4.72166
4.71982
4.718
4.7162
4.71439
4.71255
4.71067
4.70876
4.70685
4.70495
4.70308
4.70122
4.69936
4.69747
4.69555
4.6936
4.69165
4.68971
4.6878
4.68591
4.68401
4.68209
4.68014
4.67816
4.67618
4.67422
4.67229
4.67037
4.66846
4.66652
4.66455
4.66256
4.66057
4.6586
4.65666
4.65473
4.6528
4.65086
4.64889
4.6469
4.6449
4.64293
4.64099
4.63906
4.63714
4.6352
4.63323
4.63125
4.62927
4.62731
4.62537
4.62346
4.62154
4.61962
4.61766
4.6157
4.61373
4.61179
4.60987
4.60797
4.60608
4.60417
4.60225
4.6003
4.59836
4.59644
4.59455
4.59268
4.59081
4.58893
4.58704
4.58512
4.58321
4.58132
4.57946
4.57763
4.57579
4.57395
4.57208
4.57021
4.56833
4.56648
4.56466
4.56286
4.56106
4.55925
4.55743
4.55559
4.55376
4.55195
4.55017
4.54841
4.54666
4.5449
4.54312
4.54133
4.53954
4.53778
4.53604
4.53433
4.53263
4.53091
4.52918
4.52744
4.5257
4.52399
4.52231
4.52064
4.51899
4.51732
4.51564
4.51396
4.51228
4.51062
4.50898
4.50737
4.50577
4.50416
4.50254
4.50091
4.49928
4.49768
4.4961
4.49455
4.493
4.49145
4.48988
4.48831
4.48674
4.4852
4.48368
4.48218
4.4807
4.4792
4.4777
4.47619
4.47468
4.4732
4.47174
4.4703
4.46888
4.46745
4.466
4.46455
4.46311
4.46169
4.4603
4.45892
4.45756
4.45619
4.45481
4.45343
4.45205
4.45069
4.44936
4.44805
4.44675
4.44545
4.44414
4.44282
4.44151
4.44021
4.43895
4.43771
4.43647
4.43524
4.43399
4.43274
4.43149
4.43027
4.42907
4.4279
4.42673
4.42556
4.42438
4.4232
4.42202
4.42086
4.41973
4.41863
4.41753
4.41643
4.41532
4.4142
4.4131
4.41201
4.41095
4.40991
4.40888
4.40785
4.40681
4.40576
4.40472
4.40371
4.40272
4.40175
4.40079
4.39982
4.39885
4.39788
4.39691
4.39597
4.39505
4.39415
4.39326
4.39236
4.39147
4.39056
4.38967
4.38879
4.38794
4.38711
4.38629
4.38547
4.38464
4.38381
4.38299
4.38218
4.3814
4.38065
4.3799
4.37915
4.37839
4.37763
4.37688
4.37615
4.37544
4.37475
4.37408
4.3734
4.37272
4.37203
4.37135
4.37069
4.37005
4.36943
4.36883
4.36822
4.36761
4.367
4.36639
4.3658
4.36523
4.36469
4.36416
4.36362
4.36308
4.36254
4.36201
4.36149
4.361
4.36052
4.36006
4.3596
4.35913
4.35866
4.3582
4.35775
4.35733
4.35693
4.35654
4.35615
4.35576
4.35536
4.35497
4.3546
4.35425
4.35392
4.3536
4.35328
4.35296
4.35263
4.35232
4.35201
4.35174
4.35148
4.35123
4.35099
4.35074
4.35048
4.35024
4.35001
4.3498
4.34962
4.34944
4.34927
4.34909
4.34891
4.34873
4.34858
4.34844
4.34833
4.34822
4.34812
4.34801
4.3479
4.3478
4.34772
4.34765
4.34761
4.34758
4.34755
4.34751
4.34747
4.34744
4.34743
4.34744
4.34746
4.3475
4.34754
4.34758
4.34761
4.34765
4.34771
4.34779
4.34788
4.34799
4.3481
4.34821
4.34832
4.34843
4.34855
4.3487
4.34887
4.34905
4.34923
4.34941
4.34959
4.34977
4.34997
4.35019
4.35042
4.35067
4.35093
4.35117
4.35142
4.35167
4.35194
4.35223
4.35254
4.35286
4.35318
4.3535
4.35381
4.35413
4.35447
4.35483
4.35521
4.3556
4.35599
4.35638
4.35676
4.35715
4.35756
4.35799
4.35844
4.3589
4.35936
4.35981
4.36027
4.36073
4.3612
4.3617
4.36222
4.36274
4.36327
4.3638
4.36432
4.36485
4.3654
4.36596
4.36655
4.36714
4.36774
4.36833
4.36893
4.36952
4.37014
4.37077
4.37142
4.37209
4.37275
4.37341
4.37407
4.37474
4.37542
4.37612
4.37685
4.37758
4.37831
4.37904
4.37977
4.3805
4.38125
4.38202
4.38281
4.3836
4.3844
4.3852
4.386
4.3868
4.38761
4.38845
4.3893
4.39017
4.39103
4.3919
4.39276
4.39363
4.39451
4.39541
4.39633
4.39726
4.3982
4.39913
4.40006
4.40099
4.40194
4.40291
4.40389
4.40489
4.40589
4.40689
4.40788
4.40888
4.4099
4.41093
4.41198
4.41304
4.41411
4.41517
4.41623
4.4173
4.41838
4.41948
4.42059
4.42172
4.42285
4.42397
4.4251
4.42623
4.42738
4.42854
4.42972
4.43091
4.43211
4.4333
4.43449
4.43568
4.43689
4.43812
4.43937
4.44062
4.44188
4.44314
4.44439
4.44565
4.44692
4.44822
4.44953
4.45085
4.45217
4.45349
4.4548
4.45613
4.45746
4.45882
4.46019
4.46157
4.46296
4.46434
4.46572
4.46711
4.46851
4.46993
4.47136
4.47281
4.47426
4.4757
4.47715
4.4786
4.48006
4.48154
4.48304
4.48455
4.48606
4.48756
4.48907
4.49058
4.49211
4.49365
4.49521
4.49678
4.49835
4.49992
4.50149
4.50307
4.50465
4.50624
4.50784
4.50943
4.51101
4.51258
4.51413
4.51567
4.51721
4.51876
4.52031
4.52186
4.5234
4.52492
4.52643
4.52793
4.52943
4.53093
4.53244
4.53394
4.53543
4.53691
4.53838
4.53983
4.54129
4.54275
4.54422
4.54568
4.54713
4.54857
4.54999
4.55141
4.55282
4.55425
4.55567
4.55709
4.5585
4.5599
4.56128
4.56266
4.56403
4.56541
4.5668
4.56818
4.56955
4.57091
4.57225
4.57359
4.57493
4.57627
4.57761
4.57896
4.58029
4.58161
4.58291
4.58421
4.58551
4.58682
4.58812
4.58943
4.59073
4.59201
4.59328
4.59454
4.5958
4.59707
4.59834
4.59961
4.60087
4.60211
4.60334
4.60457
4.6058
4.60703
4.60826
4.6095
4.61072
4.61193
4.61313
4.61432
4.61551
4.61671
4.6179
4.6191
4.62029
4.62147
4.62263
4.62379
