data = [0, 1.6;
0.001, 1.6;
0.002, 1.6;
0.003, 1.6;
0.004, 1.6;
0.005, 1.6;
0.006, 1.6;
0.007, 1.6;
0.008, 1.6;
0.009, 1.6;
0.01, 1.6;
0.011, 1.6;
0.012, 1.6;
0.013, 1.6;
0.014, 1.6;
0.015, 1.6;
0.016, 1.6;
0.017, 1.6;
0.018, 1.6;
0.019, 1.6;
0.02, 1.6;
0.021, 1.6;
0.022, 1.6;
0.023, 1.6;
0.024, 1.6;
0.025, 1.6;
0.026, 1.6;
0.027, 1.6;
0.028, 1.6;
0.029, 1.6;
0.03, 1.6;
0.031, 1.6;
0.032, 1.6;
0.033, 1.6;
0.034, 1.6;
0.035, 1.6;
0.036, 1.6;
0.037, 1.6;
0.038, 1.6;
0.039, 1.6;
0.04, 1.6;
0.041, 1.6;
0.042, 1.6;
0.043, 1.6;
0.044, 1.6;
0.045, 1.6;
0.046, 1.6;
0.047, 1.6;
0.048, 1.6;
0.049, 1.6;
0.05, 1.6;
0.051, 1.6;
0.052, 1.6;
0.053, 1.6;
0.054, 1.6;
0.055, 1.6;
0.056, 1.6;
0.057, 1.6;
0.058, 1.6;
0.059, 1.6;
0.06, 1.6;
0.061, 1.6;
0.062, 1.6;
0.063, 1.6;
0.064, 1.6;
0.065, 1.6;
0.066, 1.6;
0.067, 1.6;
0.068, 1.6;
0.069, 1.6;
0.07, 1.6;
0.071, 1.6;
0.072, 1.6;
0.073, 1.6;
0.074, 1.6;
0.075, 1.6;
0.076, 1.6;
0.077, 1.6;
0.078, 1.6;
0.079, 1.6;
0.08, 1.6;
0.081, 1.6;
0.082, 1.6;
0.083, 1.6;
0.084, 1.6;
0.085, 1.6;
0.086, 1.6;
0.087, 1.6;
0.088, 1.6;
0.089, 1.6;
0.09, 1.6;
0.091, 1.6;
0.092, 1.6;
0.093, 1.6;
0.094, 1.6;
0.095, 1.6;
0.096, 1.6;
0.097, 1.6;
0.098, 1.6;
0.099, 1.6;
0.1, 1.6;
0.101, 1.6;
0.102, 1.6;
0.103, 1.6;
0.104, 1.6;
0.105, 1.6;
0.106, 1.6;
0.107, 1.6;
0.108, 1.6;
0.109, 1.6;
0.11, 1.6;
0.111, 1.6;
0.112, 1.6;
0.113, 1.6;
0.114, 1.6;
0.115, 1.6;
0.116, 1.6;
0.117, 1.6;
0.118, 1.6;
0.119, 1.6;
0.12, 1.6;
0.121, 1.6;
0.122, 1.6;
0.123, 1.6;
0.124, 1.6;
0.125, 1.6;
0.126, 1.6;
0.127, 1.6;
0.128, 1.6;
0.129, 1.6;
0.13, 1.6;
0.131, 1.6;
0.132, 1.6;
0.133, 1.6;
0.134, 1.6;
0.135, 1.6;
0.136, 1.6;
0.137, 1.6;
0.138, 1.6;
0.139, 1.6;
0.14, 1.6;
0.141, 1.6;
0.142, 1.6;
0.143, 1.6;
0.144, 1.6;
0.145, 1.6;
0.146, 1.6;
0.147, 1.6;
0.148, 1.6;
0.149, 1.6;
0.15, 1.6;
0.151, 1.6;
0.152, 1.6;
0.153, 1.6;
0.154, 1.6;
0.155, 1.6;
0.156, 1.6;
0.157, 1.6;
0.158, 1.6;
0.159, 1.6;
0.16, 1.6;
0.161, 1.6;
0.162, 1.6;
0.163, 1.6;
0.164, 1.6;
0.165, 1.6;
0.166, 1.6;
0.167, 1.6;
0.168, 1.6;
0.169, 1.6;
0.17, 1.6;
0.171, 1.6;
0.172, 1.6;
0.173, 1.6;
0.174, 1.6;
0.175, 1.6;
0.176, 1.6;
0.177, 1.6;
0.178, 1.6;
0.179, 1.6;
0.18, 1.6;
0.181, 1.6;
0.182, 1.6;
0.183, 1.6;
0.184, 1.6;
0.185, 1.6;
0.186, 1.6;
0.187, 1.6;
0.188, 1.6;
0.189, 1.6;
0.19, 1.6;
0.191, 1.6;
0.192, 1.6;
0.193, 1.6;
0.194, 1.6;
0.195, 1.6;
0.196, 1.6;
0.197, 1.6;
0.198, 1.6;
0.199, 1.6;
0.2, 1.6;
0.201, 1.6;
0.202, 1.6;
0.203, 1.6;
0.204, 1.6;
0.205, 1.6;
0.206, 1.6;
0.207, 1.6;
0.208, 1.6;
0.209, 1.6;
0.21, 1.6;
0.211, 1.6;
0.212, 1.6;
0.213, 1.6;
0.214, 1.6;
0.215, 1.6;
0.216, 1.6;
0.217, 1.6;
0.218, 1.6;
0.219, 1.6;
0.22, 1.6;
0.221, 1.6;
0.222, 1.6;
0.223, 1.6;
0.224, 1.6;
0.225, 1.6;
0.226, 1.6;
0.227, 1.6;
0.228, 1.6;
0.229, 1.6;
0.23, 1.6;
0.231, 1.6;
0.232, 1.6;
0.233, 1.6;
0.234, 1.6;
0.235, 1.6;
0.236, 1.6;
0.237, 1.6;
0.238, 1.6;
0.239, 1.6;
0.24, 1.6;
0.241, 1.6;
0.242, 1.6;
0.243, 1.6;
0.244, 1.6;
0.245, 1.6;
0.246, 1.6;
0.247, 1.6;
0.248, 1.6;
0.249, 1.6;
0.25, 1.6;
0.251, 1.6;
0.252, 1.6;
0.253, 1.6;
0.254, 1.6;
0.255, 1.6;
0.256, 1.6;
0.257, 1.6;
0.258, 1.6;
0.259, 1.6;
0.26, 1.6;
0.261, 1.6;
0.262, 1.6;
0.263, 1.6;
0.264, 1.6;
0.265, 1.6;
0.266, 1.6;
0.267, 1.6;
0.268, 1.6;
0.269, 1.6;
0.27, 1.6;
0.271, 1.6;
0.272, 1.6;
0.273, 1.6;
0.274, 1.6;
0.275, 1.6;
0.276, 1.6;
0.277, 1.6;
0.278, 1.6;
0.279, 1.6;
0.28, 1.6;
0.281, 1.6;
0.282, 1.6;
0.283, 1.6;
0.284, 1.6;
0.285, 1.6;
0.286, 1.6;
0.287, 1.6;
0.288, 1.6;
0.289, 1.6;
0.29, 1.6;
0.291, 1.6;
0.292, 1.6;
0.293, 1.6;
0.294, 1.6;
0.295, 1.6;
0.296, 1.6;
0.297, 1.6;
0.298, 1.6;
0.299, 1.6;
0.3, 1.6;
0.301, 1.6;
0.302, 1.6;
0.303, 1.6;
0.304, 1.6;
0.305, 1.6;
0.306, 1.6;
0.307, 1.6;
0.308, 1.6;
0.309, 1.6;
0.31, 1.6;
0.311, 1.6;
0.312, 1.6;
0.313, 1.6;
0.314, 1.6;
0.315, 1.6;
0.316, 1.6;
0.317, 1.6;
0.318, 1.6;
0.319, 1.6;
0.32, 1.6;
0.321, 1.6;
0.322, 1.6;
0.323, 1.6;
0.324, 1.6;
0.325, 1.6;
0.326, 1.6;
0.327, 1.6;
0.328, 1.6;
0.329, 1.6;
0.33, 1.6;
0.331, 1.6;
0.332, 1.6;
0.333, 1.6;
0.334, 1.6;
0.335, 1.6;
0.336, 1.6;
0.337, 1.6;
0.338, 1.6;
0.339, 1.6;
0.34, 1.6;
0.341, 1.6;
0.342, 1.6;
0.343, 1.6;
0.344, 1.6;
0.345, 1.6;
0.346, 1.6;
0.347, 1.6;
0.348, 1.6;
0.349, 1.6;
0.35, 1.6;
0.351, 1.6;
0.352, 1.6;
0.353, 1.6;
0.354, 1.6;
0.355, 1.6;
0.356, 1.6;
0.357, 1.6;
0.358, 1.6;
0.359, 1.6;
0.36, 1.6;
0.361, 1.6;
0.362, 1.6;
0.363, 1.6;
0.364, 1.6;
0.365, 1.6;
0.366, 1.6;
0.367, 1.6;
0.368, 1.6;
0.369, 1.6;
0.37, 1.6;
0.371, 1.6;
0.372, 1.6;
0.373, 1.6;
0.374, 1.6;
0.375, 1.6;
0.376, 1.6;
0.377, 1.6;
0.378, 1.6;
0.379, 1.6;
0.38, 1.6;
0.381, 1.6;
0.382, 1.6;
0.383, 1.6;
0.384, 1.6;
0.385, 1.6;
0.386, 1.6;
0.387, 1.6;
0.388, 1.6;
0.389, 1.6;
0.39, 1.6;
0.391, 1.6;
0.392, 1.6;
0.393, 1.6;
0.394, 1.6;
0.395, 1.6;
0.396, 1.6;
0.397, 1.6;
0.398, 1.6;
0.399, 1.6;
0.4, 1.6;
0.401, 1.59919;
0.402, 1.59678;
0.403, 1.59276;
0.404, 1.58714;
0.405, 1.57994;
0.406, 1.57117;
0.407, 1.56085;
0.408, 1.54899;
0.409, 1.53562;
0.41, 1.52078;
0.411, 1.50448;
0.412, 1.48676;
0.413, 1.46766;
0.414, 1.44721;
0.415, 1.42547;
0.416, 1.40246;
0.417, 1.37824;
0.418, 1.35285;
0.419, 1.32635;
0.42, 1.29879;
0.421, 1.27023;
0.422, 1.24072;
0.423, 1.21032;
0.424, 1.17909;
0.425, 1.14711;
0.426, 1.11442;
0.427, 1.0811;
0.428, 1.04721;
0.429, 1.01283;
0.43, 0.978017;
0.431, 0.942846;
0.432, 0.907387;
0.433, 0.871711;
0.434, 0.835892;
0.435, 0.8;
0.436, 0.764108;
0.437, 0.728289;
0.438, 0.692613;
0.439, 0.657154;
0.44, 0.621983;
0.441, 0.587171;
0.442, 0.552786;
0.443, 0.5189;
0.444, 0.48558;
0.445, 0.452893;
0.446, 0.420905;
0.447, 0.389681;
0.448, 0.359282;
0.449, 0.329772;
0.45, 0.301208;
0.451, 0.273649;
0.452, 0.24715;
0.453, 0.221764;
0.454, 0.197543;
0.455, 0.174535;
0.456, 0.152786;
0.457, 0.132341;
0.458, 0.113241;
0.459, 0.0955236;
0.46, 0.0792249;
0.461, 0.0643778;
0.462, 0.0510121;
0.463, 0.0391548;
0.464, 0.0288297;
0.465, 0.0200577;
0.466, 0.0128563;
0.467, 0.00724019;
0.468, 0.00322056;
0.469, 0.000805547;
0.47, 0;
0.471, 0.000805547;
0.472, 0.00322056;
0.473, 0.00724019;
0.474, 0.0128563;
0.475, 0.0200577;
0.476, 0.0288297;
0.477, 0.0391548;
0.478, 0.0510121;
0.479, 0.0643778;
0.48, 0.0792249;
0.481, 0.0955236;
0.482, 0.113241;
0.483, 0.132341;
0.484, 0.152786;
0.485, 0.174535;
0.486, 0.197543;
0.487, 0.221764;
0.488, 0.24715;
0.489, 0.273649;
0.49, 0.301208;
0.491, 0.329772;
0.492, 0.359282;
0.493, 0.389681;
0.494, 0.420905;
0.495, 0.452893;
0.496, 0.48558;
0.497, 0.5189;
0.498, 0.552786;
0.499, 0.587171;
0.5, 0.621983;
0.501, 0.657154;
0.502, 0.692613;
0.503, 0.728289;
0.504, 0.764108;
0.505, 0.8;
0.506, 0.835892;
0.507, 0.871711;
0.508, 0.907387;
0.509, 0.942846;
0.51, 0.978017;
0.511, 1.01283;
0.512, 1.04721;
0.513, 1.0811;
0.514, 1.11442;
0.515, 1.14711;
0.516, 1.17909;
0.517, 1.21032;
0.518, 1.24072;
0.519, 1.27023;
0.52, 1.29879;
0.521, 1.32635;
0.522, 1.35285;
0.523, 1.37824;
0.524, 1.40246;
0.525, 1.42547;
0.526, 1.44721;
0.527, 1.46766;
0.528, 1.48676;
0.529, 1.50448;
0.53, 1.52078;
0.531, 1.53562;
0.532, 1.54899;
0.533, 1.56085;
0.534, 1.57117;
0.535, 1.57994;
0.536, 1.58714;
0.537, 1.59276;
0.538, 1.59678;
0.539, 1.59919;
0.54, 1.6;
0.541, 1.6;
0.542, 1.6;
0.543, 1.6;
0.544, 1.6;
0.545, 1.6;
0.546, 1.6;
0.547, 1.6;
0.548, 1.6;
0.549, 1.6;
0.55, 1.6;
0.551, 1.6;
0.552, 1.6;
0.553, 1.6;
0.554, 1.6;
0.555, 1.6;
0.556, 1.6;
0.557, 1.6;
0.558, 1.6;
0.559, 1.6;
0.56, 1.6;
0.561, 1.6;
0.562, 1.6;
0.563, 1.6;
0.564, 1.6;
0.565, 1.6;
0.566, 1.6;
0.567, 1.6;
0.568, 1.6;
0.569, 1.6;
0.57, 1.6;
0.571, 1.6;
0.572, 1.6;
0.573, 1.6;
0.574, 1.6;
0.575, 1.6;
0.576, 1.6;
0.577, 1.6;
0.578, 1.6;
0.579, 1.6;
0.58, 1.6;
0.581, 1.6;
0.582, 1.6;
0.583, 1.6;
0.584, 1.6;
0.585, 1.6;
0.586, 1.6;
0.587, 1.6;
0.588, 1.6;
0.589, 1.6;
0.59, 1.6;
0.591, 1.6;
0.592, 1.6;
0.593, 1.6;
0.594, 1.6;
0.595, 1.6;
0.596, 1.6;
0.597, 1.6;
0.598, 1.6;
0.599, 1.6;
0.6, 1.6;
0.601, 1.6;
0.602, 1.6;
0.603, 1.6;
0.604, 1.6;
0.605, 1.6;
0.606, 1.6;
0.607, 1.6;
0.608, 1.6;
0.609, 1.6;
0.61, 1.6;
0.611, 1.6;
0.612, 1.6;
0.613, 1.6;
0.614, 1.6;
0.615, 1.6;
0.616, 1.6;
0.617, 1.6;
